<html>
<head><meta charset="utf-8" /></head>
<body>
    <div>                        <script type="text/javascript">window.PlotlyConfig = {MathJaxConfig: 'local'};</script>
        <script charset="utf-8" src="https://cdn.plot.ly/plotly-2.35.2.min.js"></script>                <div id="f1798cb2-8022-4120-83f6-37a7df43955c" class="plotly-graph-div" style="height:550px; width:650px;"></div>            <script type="text/javascript">                                    window.PLOTLYENV=window.PLOTLYENV || {};                                    if (document.getElementById("f1798cb2-8022-4120-83f6-37a7df43955c")) {                    Plotly.newPlot(                        "f1798cb2-8022-4120-83f6-37a7df43955c",                        [{"colorscale":[[0,"#0a0a0a"],[0.5,"#8b5cf6"],[1.0,"#ff3366"]],"text":[[1.0,0.7,0.4,0.5,0.3,0.8,0.75,0.7],[0.7,1.0,0.5,0.6,0.4,0.65,0.6,0.55],[0.4,0.5,1.0,0.6,0.5,0.35,0.3,0.35],[0.5,0.6,0.6,1.0,0.55,0.4,0.35,0.4],[0.3,0.4,0.5,0.55,1.0,0.25,0.2,0.25],[0.8,0.65,0.35,0.4,0.25,1.0,0.85,0.8],[0.75,0.6,0.3,0.35,0.2,0.85,1.0,0.82],[0.7,0.55,0.35,0.4,0.25,0.8,0.82,1.0]],"textfont":{"color":"#f4f4f5","size":10},"texttemplate":"%{text:.2f}","x":["AAPL","NVDA","TSLA","PLTR","IONQ","MSFT","GOOG","AMZN"],"y":["AAPL","NVDA","TSLA","PLTR","IONQ","MSFT","GOOG","AMZN"],"z":[[1.0,0.7,0.4,0.5,0.3,0.8,0.75,0.7],[0.7,1.0,0.5,0.6,0.4,0.65,0.6,0.55],[0.4,0.5,1.0,0.6,0.5,0.35,0.3,0.35],[0.5,0.6,0.6,1.0,0.55,0.4,0.35,0.4],[0.3,0.4,0.5,0.55,1.0,0.25,0.2,0.25],[0.8,0.65,0.35,0.4,0.25,1.0,0.85,0.8],[0.75,0.6,0.3,0.35,0.2,0.85,1.0,0.82],[0.7,0.55,0.35,0.4,0.25,0.8,0.82,1.0]],"zmax":1,"zmin":0,"type":"heatmap"}],                        {"template":{"data":{"histogram2dcontour":[{"type":"histogram2dcontour","colorbar":{"outlinewidth":0,"ticks":""},"colorscale":[[0.0,"#0d0887"],[0.1111111111111111,"#46039f"],[0.2222222222222222,"#7201a8"],[0.3333333333333333,"#9c179e"],[0.4444444444444444,"#bd3786"],[0.5555555555555556,"#d8576b"],[0.6666666666666666,"#ed7953"],[0.7777777777777778,"#fb9f3a"],[0.8888888888888888,"#fdca26"],[1.0,"#f0f921"]]}],"choropleth":[{"type":"choropleth","colorbar":{"outlinewidth":0,"ticks":""}}],"histogram2d":[{"type":"histogram2d","colorbar":{"outlinewidth":0,"ticks":""},"colorscale":[[0.0,"#0d0887"],[0.1111111111111111,"#46039f"],[0.2222222222222222,"#7201a8"],[0.3333333333333333,"#9c179e"],[0.4444444444444444,"#bd3786"],[0.5555555555555556,"#d8576b"],[0.6666666666666666,"#ed7953"],[0.7777777777777778,"#fb9f3a"],[0.8888888888888888,"#fdca26"],[1.0,"#f0f921"]]}],"heatmap":[{"type":"heatmap","colorbar":{"outlinewidth":0,"ticks":""},"colorscale":[[0.0,"#0d0887"],[0.1111111111111111,"#46039f"],[0.2222222222222222,"#7201a8"],[0.3333333333333333,"#9c179e"],[0.4444444444444444,"#bd3786"],[0.5555555555555556,"#d8576b"],[0.6666666666666666,"#ed7953"],[0.7777777777777778,"#fb9f3a"],[0.8888888888888888,"#fdca26"],[1.0,"#f0f921"]]}],"heatmapgl":[{"type":"heatmapgl","colorbar":{"outlinewidth":0,"ticks":""},"colorscale":[[0.0,"#0d0887"],[0.1111111111111111,"#46039f"],[0.2222222222222222,"#7201a8"],[0.3333333333333333,"#9c179e"],[0.4444444444444444,"#bd3786"],[0.5555555555555556,"#d8576b"],[0.6666666666666666,"#ed7953"],[0.7777777777777778,"#fb9f3a"],[0.8888888888888888,"#fdca26"],[1.0,"#f0f921"]]}],"contourcarpet":[{"type":"contourcarpet","colorbar":{"outlinewidth":0,"ticks":""}}],"contour":[{"type":"contour","colorbar":{"outlinewidth":0,"ticks":""},"colorscale":[[0.0,"#0d0887"],[0.1111111111111111,"#46039f"],[0.2222222222222222,"#7201a8"],[0.3333333333333333,"#9c179e"],[0.4444444444444444,"#bd3786"],[0.5555555555555556,"#d8576b"],[0.6666666666666666,"#ed7953"],[0.7777777777777778,"#fb9f3a"],[0.8888888888888888,"#fdca26"],[1.0,"#f0f921"]]}],"surface":[{"type":"surface","colorbar":{"outlinewidth":0,"ticks":""},"colorscale":[[0.0,"#0d0887"],[0.1111111111111111,"#46039f"],[0.2222222222222222,"#7201a8"],[0.3333333333333333,"#9c179e"],[0.4444444444444444,"#bd3786"],[0.5555555555555556,"#d8576b"],[0.6666666666666666,"#ed7953"],[0.7777777777777778,"#fb9f3a"],[0.8888888888888888,"#fdca26"],[1.0,"#f0f921"]]}],"mesh3d":[{"type":"mesh3d","colorbar":{"outlinewidth":0,"ticks":""}}],"scatter":[{"fillpattern":{"fillmode":"overlay","size":10,"solidity":0.2},"type":"scatter"}],"parcoords":[{"type":"parcoords","line":{"colorbar":{"outlinewidth":0,"ticks":""}}}],"scatterpolargl":[{"type":"scatterpolargl","marker":{"colorbar":{"outlinewidth":0,"ticks":""}}}],"bar":[{"error_x":{"color":"#2a3f5f"},"error_y":{"color":"#2a3f5f"},"marker":{"line":{"color":"#E5ECF6","width":0.5},"pattern":{"fillmode":"overlay","size":10,"solidity":0.2}},"type":"bar"}],"scattergeo":[{"type":"scattergeo","marker":{"colorbar":{"outlinewidth":0,"ticks":""}}}],"scatterpolar":[{"type":"scatterpolar","marker":{"colorbar":{"outlinewidth":0,"ticks":""}}}],"histogram":[{"marker":{"pattern":{"fillmode":"overlay","size":10,"solidity":0.2}},"type":"histogram"}],"scattergl":[{"type":"scattergl","marker":{"colorbar":{"outlinewidth":0,"ticks":""}}}],"scatter3d":[{"type":"scatter3d","line":{"colorbar":{"outlinewidth":0,"ticks":""}},"marker":{"colorbar":{"outlinewidth":0,"ticks":""}}}],"scattermapbox":[{"type":"scattermapbox","marker":{"colorbar":{"outlinewidth":0,"ticks":""}}}],"scatterternary":[{"type":"scatterternary","marker":{"colorbar":{"outlinewidth":0,"ticks":""}}}],"scattercarpet":[{"type":"scattercarpet","marker":{"colorbar":{"outlinewidth":0,"ticks":""}}}],"carpet":[{"aaxis":{"endlinecolor":"#2a3f5f","gridcolor":"white","linecolor":"white","minorgridcolor":"white","startlinecolor":"#2a3f5f"},"baxis":{"endlinecolor":"#2a3f5f","gridcolor":"white","linecolor":"white","minorgridcolor":"white","startlinecolor":"#2a3f5f"},"type":"carpet"}],"table":[{"cells":{"fill":{"color":"#EBF0F8"},"line":{"color":"white"}},"header":{"fill":{"color":"#C8D4E3"},"line":{"color":"white"}},"type":"table"}],"barpolar":[{"marker":{"line":{"color":"#E5ECF6","width":0.5},"pattern":{"fillmode":"overlay","size":10,"solidity":0.2}},"type":"barpolar"}],"pie":[{"automargin":true,"type":"pie"}]},"layout":{"autotypenumbers":"strict","colorway":["#636efa","#EF553B","#00cc96","#ab63fa","#FFA15A","#19d3f3","#FF6692","#B6E880","#FF97FF","#FECB52"],"font":{"color":"#2a3f5f"},"hovermode":"closest","hoverlabel":{"align":"left"},"paper_bgcolor":"white","plot_bgcolor":"#E5ECF6","polar":{"bgcolor":"#E5ECF6","angularaxis":{"gridcolor":"white","linecolor":"white","ticks":""},"radialaxis":{"gridcolor":"white","linecolor":"white","ticks":""}},"ternary":{"bgcolor":"#E5ECF6","aaxis":{"gridcolor":"white","linecolor":"white","ticks":""},"baxis":{"gridcolor":"white","linecolor":"white","ticks":""},"caxis":{"gridcolor":"white","linecolor":"white","ticks":""}},"coloraxis":{"colorbar":{"outlinewidth":0,"ticks":""}},"colorscale":{"sequential":[[0.0,"#0d0887"],[0.1111111111111111,"#46039f"],[0.2222222222222222,"#7201a8"],[0.3333333333333333,"#9c179e"],[0.4444444444444444,"#bd3786"],[0.5555555555555556,"#d8576b"],[0.6666666666666666,"#ed7953"],[0.7777777777777778,"#fb9f3a"],[0.8888888888888888,"#fdca26"],[1.0,"#f0f921"]],"sequentialminus":[[0.0,"#0d0887"],[0.1111111111111111,"#46039f"],[0.2222222222222222,"#7201a8"],[0.3333333333333333,"#9c179e"],[0.4444444444444444,"#bd3786"],[0.5555555555555556,"#d8576b"],[0.6666666666666666,"#ed7953"],[0.7777777777777778,"#fb9f3a"],[0.8888888888888888,"#fdca26"],[1.0,"#f0f921"]],"diverging":[[0,"#8e0152"],[0.1,"#c51b7d"],[0.2,"#de77ae"],[0.3,"#f1b6da"],[0.4,"#fde0ef"],[0.5,"#f7f7f7"],[0.6,"#e6f5d0"],[0.7,"#b8e186"],[0.8,"#7fbc41"],[0.9,"#4d9221"],[1,"#276419"]]},"xaxis":{"gridcolor":"white","linecolor":"white","ticks":"","title":{"standoff":15},"zerolinecolor":"white","automargin":true,"zerolinewidth":2},"yaxis":{"gridcolor":"white","linecolor":"white","ticks":"","title":{"standoff":15},"zerolinecolor":"white","automargin":true,"zerolinewidth":2},"scene":{"xaxis":{"backgroundcolor":"#E5ECF6","gridcolor":"white","linecolor":"white","showbackground":true,"ticks":"","zerolinecolor":"white","gridwidth":2},"yaxis":{"backgroundcolor":"#E5ECF6","gridcolor":"white","linecolor":"white","showbackground":true,"ticks":"","zerolinecolor":"white","gridwidth":2},"zaxis":{"backgroundcolor":"#E5ECF6","gridcolor":"white","linecolor":"white","showbackground":true,"ticks":"","zerolinecolor":"white","gridwidth":2}},"shapedefaults":{"line":{"color":"#2a3f5f"}},"annotationdefaults":{"arrowcolor":"#2a3f5f","arrowhead":0,"arrowwidth":1},"geo":{"bgcolor":"white","landcolor":"#E5ECF6","subunitcolor":"white","showland":true,"showlakes":true,"lakecolor":"white"},"title":{"x":0.05},"mapbox":{"style":"light"}}},"font":{"color":"#e4e4e7","family":"Inter, system-ui, sans-serif","size":13},"xaxis":{"gridcolor":"#1e1e2e","zerolinecolor":"#27272a"},"yaxis":{"gridcolor":"#1e1e2e","zerolinecolor":"#27272a"},"margin":{"l":60,"r":40,"t":80,"b":60},"legend":{"bgcolor":"rgba(0,0,0,0)","bordercolor":"#27272a"},"paper_bgcolor":"#0a0a0a","plot_bgcolor":"#0a0a0a","title":{"text":"Correlation Contagion \u2014 Normal \u2192 Crisis"},"height":550,"width":650,"updatemenus":[{"buttons":[{"args":[null,{"frame":{"duration":100,"redraw":true},"fromcurrent":true}],"label":"\u25b6 Stress","method":"animate"}],"showactive":false,"type":"buttons","x":0.05,"y":1.12}]},                        {"responsive": true}                    ).then(function(){
                            Plotly.addFrames('f1798cb2-8022-4120-83f6-37a7df43955c', [{"data":[{"colorscale":[[0,"#0a0a0a"],[0.5,"#8b5cf6"],[1.0,"#ff3366"]],"text":[[1.0,0.7,0.4,0.5,0.3,0.8,0.75,0.7],[0.7,1.0,0.5,0.6,0.4,0.65,0.6,0.55],[0.4,0.5,1.0,0.6,0.5,0.35,0.3,0.35],[0.5,0.6,0.6,1.0,0.55,0.4,0.35,0.4],[0.3,0.4,0.5,0.55,1.0,0.25,0.2,0.25],[0.8,0.65,0.35,0.4,0.25,1.0,0.85,0.8],[0.75,0.6,0.3,0.35,0.2,0.85,1.0,0.82],[0.7,0.55,0.35,0.4,0.25,0.8,0.82,1.0]],"textfont":{"color":"#f4f4f5","size":10},"texttemplate":"%{text:.2f}","x":["AAPL","NVDA","TSLA","PLTR","IONQ","MSFT","GOOG","AMZN"],"y":["AAPL","NVDA","TSLA","PLTR","IONQ","MSFT","GOOG","AMZN"],"z":[[1.0,0.7,0.4,0.5,0.3,0.8,0.75,0.7],[0.7,1.0,0.5,0.6,0.4,0.65,0.6,0.55],[0.4,0.5,1.0,0.6,0.5,0.35,0.3,0.35],[0.5,0.6,0.6,1.0,0.55,0.4,0.35,0.4],[0.3,0.4,0.5,0.55,1.0,0.25,0.2,0.25],[0.8,0.65,0.35,0.4,0.25,1.0,0.85,0.8],[0.75,0.6,0.3,0.35,0.2,0.85,1.0,0.82],[0.7,0.55,0.35,0.4,0.25,0.8,0.82,1.0]],"zmax":1,"zmin":0,"type":"heatmap"}],"layout":{"title":{"text":"Correlation Matrix \u2014 Normal"}},"name":"0.00"},{"data":[{"colorscale":[[0,"#0a0a0a"],[0.5,"#8b5cf6"],[1.0,"#ff3366"]],"text":[[1.0,0.71,0.42,0.51,0.32,0.81,0.76,0.71],[0.71,1.0,0.51,0.61,0.42,0.66,0.61,0.56],[0.42,0.51,1.0,0.61,0.51,0.37,0.32,0.37],[0.51,0.61,0.61,1.0,0.56,0.42,0.37,0.42],[0.32,0.42,0.51,0.56,1.0,0.27,0.22,0.27],[0.81,0.66,0.37,0.42,0.27,1.0,0.85,0.81],[0.76,0.61,0.32,0.37,0.22,0.85,1.0,0.82],[0.71,0.56,0.37,0.42,0.27,0.81,0.82,1.0]],"textfont":{"color":"#f4f4f5","size":10},"texttemplate":"%{text:.2f}","x":["AAPL","NVDA","TSLA","PLTR","IONQ","MSFT","GOOG","AMZN"],"y":["AAPL","NVDA","TSLA","PLTR","IONQ","MSFT","GOOG","AMZN"],"z":[[1.0,0.7076923076923076,0.4153846153846154,0.5128205128205128,0.31794871794871793,0.8051282051282052,0.7564102564102564,0.7076923076923076],[0.7076923076923076,1.0,0.5128205128205128,0.6102564102564102,0.4153846153846154,0.658974358974359,0.6102564102564102,0.5615384615384615],[0.4153846153846154,0.5128205128205128,1.0,0.6102564102564102,0.5128205128205128,0.36666666666666664,0.31794871794871793,0.36666666666666664],[0.5128205128205128,0.6102564102564102,0.6102564102564102,1.0,0.5615384615384615,0.4153846153846154,0.36666666666666664,0.4153846153846154],[0.31794871794871793,0.4153846153846154,0.5128205128205128,0.5615384615384615,1.0,0.2692307692307692,0.2205128205128205,0.2692307692307692],[0.8051282051282052,0.658974358974359,0.36666666666666664,0.4153846153846154,0.2692307692307692,1.0,0.8538461538461538,0.8051282051282052],[0.7564102564102564,0.6102564102564102,0.31794871794871793,0.36666666666666664,0.2205128205128205,0.8538461538461538,1.0,0.8246153846153845],[0.7076923076923076,0.5615384615384615,0.36666666666666664,0.4153846153846154,0.2692307692307692,0.8051282051282052,0.8246153846153845,1.0]],"zmax":1,"zmin":0,"type":"heatmap"}],"layout":{"title":{"text":"Correlation Matrix \u2014 Normal"}},"name":"0.03"},{"data":[{"colorscale":[[0,"#0a0a0a"],[0.5,"#8b5cf6"],[1.0,"#ff3366"]],"text":[[1.0,0.72,0.43,0.53,0.34,0.81,0.76,0.72],[0.72,1.0,0.53,0.62,0.43,0.67,0.62,0.57],[0.43,0.53,1.0,0.62,0.53,0.38,0.34,0.38],[0.53,0.62,0.62,1.0,0.57,0.43,0.38,0.43],[0.34,0.43,0.53,0.57,1.0,0.29,0.24,0.29],[0.81,0.67,0.38,0.43,0.29,1.0,0.86,0.81],[0.76,0.62,0.34,0.38,0.24,0.86,1.0,0.83],[0.72,0.57,0.38,0.43,0.29,0.81,0.83,1.0]],"textfont":{"color":"#f4f4f5","size":10},"texttemplate":"%{text:.2f}","x":["AAPL","NVDA","TSLA","PLTR","IONQ","MSFT","GOOG","AMZN"],"y":["AAPL","NVDA","TSLA","PLTR","IONQ","MSFT","GOOG","AMZN"],"z":[[1.0,0.7153846153846154,0.43076923076923074,0.5256410256410257,0.33589743589743587,0.8102564102564103,0.7628205128205128,0.7153846153846154],[0.7153846153846154,1.0,0.5256410256410257,0.6205128205128205,0.43076923076923074,0.667948717948718,0.6205128205128205,0.5730769230769232],[0.43076923076923074,0.5256410256410257,1.0,0.6205128205128205,0.5256410256410257,0.3833333333333333,0.33589743589743587,0.3833333333333333],[0.5256410256410257,0.6205128205128205,0.6205128205128205,1.0,0.5730769230769232,0.43076923076923074,0.3833333333333333,0.43076923076923074],[0.33589743589743587,0.43076923076923074,0.5256410256410257,0.5730769230769232,1.0,0.28846153846153844,0.241025641025641,0.28846153846153844],[0.8102564102564103,0.667948717948718,0.3833333333333333,0.43076923076923074,0.28846153846153844,1.0,0.8576923076923076,0.8102564102564103],[0.7628205128205128,0.6205128205128205,0.33589743589743587,0.3833333333333333,0.241025641025641,0.8576923076923076,1.0,0.8292307692307692],[0.7153846153846154,0.5730769230769232,0.3833333333333333,0.43076923076923074,0.28846153846153844,0.8102564102564103,0.8292307692307692,1.0]],"zmax":1,"zmin":0,"type":"heatmap"}],"layout":{"title":{"text":"Correlation Matrix \u2014 Normal"}},"name":"0.05"},{"data":[{"colorscale":[[0,"#0a0a0a"],[0.5,"#8b5cf6"],[1.0,"#ff3366"]],"text":[[1.0,0.72,0.45,0.54,0.35,0.82,0.77,0.72],[0.72,1.0,0.54,0.63,0.45,0.68,0.63,0.58],[0.45,0.54,1.0,0.63,0.54,0.4,0.35,0.4],[0.54,0.63,0.63,1.0,0.58,0.45,0.4,0.45],[0.35,0.45,0.54,0.58,1.0,0.31,0.26,0.31],[0.82,0.68,0.4,0.45,0.31,1.0,0.86,0.82],[0.77,0.63,0.35,0.4,0.26,0.86,1.0,0.83],[0.72,0.58,0.4,0.45,0.31,0.82,0.83,1.0]],"textfont":{"color":"#f4f4f5","size":10},"texttemplate":"%{text:.2f}","x":["AAPL","NVDA","TSLA","PLTR","IONQ","MSFT","GOOG","AMZN"],"y":["AAPL","NVDA","TSLA","PLTR","IONQ","MSFT","GOOG","AMZN"],"z":[[1.0,0.7230769230769232,0.4461538461538462,0.5384615384615385,0.35384615384615387,0.8153846153846154,0.7692307692307692,0.7230769230769232],[0.7230769230769232,1.0,0.5384615384615385,0.6307692307692307,0.4461538461538462,0.676923076923077,0.6307692307692307,0.5846153846153848],[0.4461538461538462,0.5384615384615385,1.0,0.6307692307692307,0.5384615384615385,0.4,0.35384615384615387,0.4],[0.5384615384615385,0.6307692307692307,0.6307692307692307,1.0,0.5846153846153848,0.4461538461538462,0.4,0.4461538461538462],[0.35384615384615387,0.4461538461538462,0.5384615384615385,0.5846153846153848,1.0,0.3076923076923077,0.26153846153846155,0.3076923076923077],[0.8153846153846154,0.676923076923077,0.4,0.4461538461538462,0.3076923076923077,1.0,0.8615384615384616,0.8153846153846154],[0.7692307692307692,0.6307692307692307,0.35384615384615387,0.4,0.26153846153846155,0.8615384615384616,1.0,0.8338461538461539],[0.7230769230769232,0.5846153846153848,0.4,0.4461538461538462,0.3076923076923077,0.8153846153846154,0.8338461538461539,1.0]],"zmax":1,"zmin":0,"type":"heatmap"}],"layout":{"title":{"text":"Correlation Matrix \u2014 Normal"}},"name":"0.08"},{"data":[{"colorscale":[[0,"#0a0a0a"],[0.5,"#8b5cf6"],[1.0,"#ff3366"]],"text":[[1.0,0.73,0.46,0.55,0.37,0.82,0.78,0.73],[0.73,1.0,0.55,0.64,0.46,0.69,0.64,0.6],[0.46,0.55,1.0,0.64,0.55,0.42,0.37,0.42],[0.55,0.64,0.64,1.0,0.6,0.46,0.42,0.46],[0.37,0.46,0.55,0.6,1.0,0.33,0.28,0.33],[0.82,0.69,0.42,0.46,0.33,1.0,0.87,0.82],[0.78,0.64,0.37,0.42,0.28,0.87,1.0,0.84],[0.73,0.6,0.42,0.46,0.33,0.82,0.84,1.0]],"textfont":{"color":"#f4f4f5","size":10},"texttemplate":"%{text:.2f}","x":["AAPL","NVDA","TSLA","PLTR","IONQ","MSFT","GOOG","AMZN"],"y":["AAPL","NVDA","TSLA","PLTR","IONQ","MSFT","GOOG","AMZN"],"z":[[1.0,0.7307692307692307,0.46153846153846156,0.5512820512820513,0.3717948717948718,0.8205128205128206,0.7756410256410257,0.7307692307692307],[0.7307692307692307,1.0,0.5512820512820513,0.641025641025641,0.46153846153846156,0.6858974358974359,0.641025641025641,0.5961538461538463],[0.46153846153846156,0.5512820512820513,1.0,0.641025641025641,0.5512820512820513,0.41666666666666663,0.3717948717948718,0.41666666666666663],[0.5512820512820513,0.641025641025641,0.641025641025641,1.0,0.5961538461538463,0.46153846153846156,0.41666666666666663,0.46153846153846156],[0.3717948717948718,0.46153846153846156,0.5512820512820513,0.5961538461538463,1.0,0.3269230769230769,0.28205128205128205,0.3269230769230769],[0.8205128205128206,0.6858974358974359,0.41666666666666663,0.46153846153846156,0.3269230769230769,1.0,0.8653846153846153,0.8205128205128206],[0.7756410256410257,0.641025641025641,0.3717948717948718,0.41666666666666663,0.28205128205128205,0.8653846153846153,1.0,0.8384615384615384],[0.7307692307692307,0.5961538461538463,0.41666666666666663,0.46153846153846156,0.3269230769230769,0.8205128205128206,0.8384615384615384,1.0]],"zmax":1,"zmin":0,"type":"heatmap"}],"layout":{"title":{"text":"Correlation Matrix \u2014 Normal"}},"name":"0.10"},{"data":[{"colorscale":[[0,"#0a0a0a"],[0.5,"#8b5cf6"],[1.0,"#ff3366"]],"text":[[1.0,0.74,0.48,0.56,0.39,0.83,0.78,0.74],[0.74,1.0,0.56,0.65,0.48,0.69,0.65,0.61],[0.48,0.56,1.0,0.65,0.56,0.43,0.39,0.43],[0.56,0.65,0.65,1.0,0.61,0.48,0.43,0.48],[0.39,0.48,0.56,0.61,1.0,0.35,0.3,0.35],[0.83,0.69,0.43,0.48,0.35,1.0,0.87,0.83],[0.78,0.65,0.39,0.43,0.3,0.87,1.0,0.84],[0.74,0.61,0.43,0.48,0.35,0.83,0.84,1.0]],"textfont":{"color":"#f4f4f5","size":10},"texttemplate":"%{text:.2f}","x":["AAPL","NVDA","TSLA","PLTR","IONQ","MSFT","GOOG","AMZN"],"y":["AAPL","NVDA","TSLA","PLTR","IONQ","MSFT","GOOG","AMZN"],"z":[[1.0,0.7384615384615384,0.47692307692307695,0.5641025641025641,0.38974358974358975,0.8256410256410257,0.782051282051282,0.7384615384615384],[0.7384615384615384,1.0,0.5641025641025641,0.6512820512820513,0.47692307692307695,0.6948717948717948,0.6512820512820513,0.6076923076923078],[0.47692307692307695,0.5641025641025641,1.0,0.6512820512820513,0.5641025641025641,0.4333333333333333,0.38974358974358975,0.4333333333333333],[0.5641025641025641,0.6512820512820513,0.6512820512820513,1.0,0.6076923076923078,0.47692307692307695,0.4333333333333333,0.47692307692307695],[0.38974358974358975,0.47692307692307695,0.5641025641025641,0.6076923076923078,1.0,0.34615384615384615,0.3025641025641026,0.34615384615384615],[0.8256410256410257,0.6948717948717948,0.4333333333333333,0.47692307692307695,0.34615384615384615,1.0,0.8692307692307693,0.8256410256410257],[0.782051282051282,0.6512820512820513,0.38974358974358975,0.4333333333333333,0.3025641025641026,0.8692307692307693,1.0,0.8430769230769231],[0.7384615384615384,0.6076923076923078,0.4333333333333333,0.47692307692307695,0.34615384615384615,0.8256410256410257,0.8430769230769231,1.0]],"zmax":1,"zmin":0,"type":"heatmap"}],"layout":{"title":{"text":"Correlation Matrix \u2014 Normal"}},"name":"0.13"},{"data":[{"colorscale":[[0,"#0a0a0a"],[0.5,"#8b5cf6"],[1.0,"#ff3366"]],"text":[[1.0,0.75,0.49,0.58,0.41,0.83,0.79,0.75],[0.75,1.0,0.58,0.66,0.49,0.7,0.66,0.62],[0.49,0.58,1.0,0.66,0.58,0.45,0.41,0.45],[0.58,0.66,0.66,1.0,0.62,0.49,0.45,0.49],[0.41,0.49,0.58,0.62,1.0,0.37,0.32,0.37],[0.83,0.7,0.45,0.49,0.37,1.0,0.87,0.83],[0.79,0.66,0.41,0.45,0.32,0.87,1.0,0.85],[0.75,0.62,0.45,0.49,0.37,0.83,0.85,1.0]],"textfont":{"color":"#f4f4f5","size":10},"texttemplate":"%{text:.2f}","x":["AAPL","NVDA","TSLA","PLTR","IONQ","MSFT","GOOG","AMZN"],"y":["AAPL","NVDA","TSLA","PLTR","IONQ","MSFT","GOOG","AMZN"],"z":[[1.0,0.7461538461538462,0.49230769230769234,0.5769230769230769,0.4076923076923077,0.8307692307692308,0.7884615384615384,0.7461538461538462],[0.7461538461538462,1.0,0.5769230769230769,0.6615384615384615,0.49230769230769234,0.7038461538461539,0.6615384615384615,0.6192307692307693],[0.49230769230769234,0.5769230769230769,1.0,0.6615384615384615,0.5769230769230769,0.45,0.4076923076923077,0.45],[0.5769230769230769,0.6615384615384615,0.6615384615384615,1.0,0.6192307692307693,0.49230769230769234,0.45,0.49230769230769234],[0.4076923076923077,0.49230769230769234,0.5769230769230769,0.6192307692307693,1.0,0.3653846153846154,0.3230769230769231,0.3653846153846154],[0.8307692307692308,0.7038461538461539,0.45,0.49230769230769234,0.3653846153846154,1.0,0.8730769230769231,0.8307692307692308],[0.7884615384615384,0.6615384615384615,0.4076923076923077,0.45,0.3230769230769231,0.8730769230769231,1.0,0.8476923076923076],[0.7461538461538462,0.6192307692307693,0.45,0.49230769230769234,0.3653846153846154,0.8307692307692308,0.8476923076923076,1.0]],"zmax":1,"zmin":0,"type":"heatmap"}],"layout":{"title":{"text":"Correlation Matrix \u2014 Normal"}},"name":"0.15"},{"data":[{"colorscale":[[0,"#0a0a0a"],[0.5,"#8b5cf6"],[1.0,"#ff3366"]],"text":[[1.0,0.75,0.51,0.59,0.43,0.84,0.79,0.75],[0.75,1.0,0.59,0.67,0.51,0.71,0.67,0.63],[0.51,0.59,1.0,0.67,0.59,0.47,0.43,0.47],[0.59,0.67,0.67,1.0,0.63,0.51,0.47,0.51],[0.43,0.51,0.59,0.63,1.0,0.38,0.34,0.38],[0.84,0.71,0.47,0.51,0.38,1.0,0.88,0.84],[0.79,0.67,0.43,0.47,0.34,0.88,1.0,0.85],[0.75,0.63,0.47,0.51,0.38,0.84,0.85,1.0]],"textfont":{"color":"#f4f4f5","size":10},"texttemplate":"%{text:.2f}","x":["AAPL","NVDA","TSLA","PLTR","IONQ","MSFT","GOOG","AMZN"],"y":["AAPL","NVDA","TSLA","PLTR","IONQ","MSFT","GOOG","AMZN"],"z":[[1.0,0.7538461538461538,0.5076923076923077,0.5897435897435898,0.4256410256410256,0.8358974358974359,0.7948717948717949,0.7538461538461538],[0.7538461538461538,1.0,0.5897435897435898,0.6717948717948717,0.5076923076923077,0.7128205128205128,0.6717948717948717,0.6307692307692307],[0.5076923076923077,0.5897435897435898,1.0,0.6717948717948717,0.5897435897435898,0.4666666666666667,0.4256410256410256,0.4666666666666667],[0.5897435897435898,0.6717948717948717,0.6717948717948717,1.0,0.6307692307692307,0.5076923076923077,0.4666666666666667,0.5076923076923077],[0.4256410256410256,0.5076923076923077,0.5897435897435898,0.6307692307692307,1.0,0.3846153846153846,0.3435897435897436,0.3846153846153846],[0.8358974358974359,0.7128205128205128,0.4666666666666667,0.5076923076923077,0.3846153846153846,1.0,0.8769230769230769,0.8358974358974359],[0.7948717948717949,0.6717948717948717,0.4256410256410256,0.4666666666666667,0.3435897435897436,0.8769230769230769,1.0,0.8523076923076923],[0.7538461538461538,0.6307692307692307,0.4666666666666667,0.5076923076923077,0.3846153846153846,0.8358974358974359,0.8523076923076923,1.0]],"zmax":1,"zmin":0,"type":"heatmap"}],"layout":{"title":{"text":"Correlation Matrix \u2014 Normal"}},"name":"0.18"},{"data":[{"colorscale":[[0,"#0a0a0a"],[0.5,"#8b5cf6"],[1.0,"#ff3366"]],"text":[[1.0,0.76,0.52,0.6,0.44,0.84,0.8,0.76],[0.76,1.0,0.6,0.68,0.52,0.72,0.68,0.64],[0.52,0.6,1.0,0.68,0.6,0.48,0.44,0.48],[0.6,0.68,0.68,1.0,0.64,0.52,0.48,0.52],[0.44,0.52,0.6,0.64,1.0,0.4,0.36,0.4],[0.84,0.72,0.48,0.52,0.4,1.0,0.88,0.84],[0.8,0.68,0.44,0.48,0.36,0.88,1.0,0.86],[0.76,0.64,0.48,0.52,0.4,0.84,0.86,1.0]],"textfont":{"color":"#f4f4f5","size":10},"texttemplate":"%{text:.2f}","x":["AAPL","NVDA","TSLA","PLTR","IONQ","MSFT","GOOG","AMZN"],"y":["AAPL","NVDA","TSLA","PLTR","IONQ","MSFT","GOOG","AMZN"],"z":[[1.0,0.7615384615384615,0.5230769230769231,0.6025641025641026,0.44358974358974357,0.8410256410256411,0.8012820512820513,0.7615384615384615],[0.7615384615384615,1.0,0.6025641025641026,0.6820512820512821,0.5230769230769231,0.7217948717948719,0.6820512820512821,0.6423076923076924],[0.5230769230769231,0.6025641025641026,1.0,0.6820512820512821,0.6025641025641026,0.48333333333333334,0.44358974358974357,0.48333333333333334],[0.6025641025641026,0.6820512820512821,0.6820512820512821,1.0,0.6423076923076924,0.5230769230769231,0.48333333333333334,0.5230769230769231],[0.44358974358974357,0.5230769230769231,0.6025641025641026,0.6423076923076924,1.0,0.40384615384615385,0.36410256410256414,0.40384615384615385],[0.8410256410256411,0.7217948717948719,0.48333333333333334,0.5230769230769231,0.40384615384615385,1.0,0.8807692307692307,0.8410256410256411],[0.8012820512820513,0.6820512820512821,0.44358974358974357,0.48333333333333334,0.36410256410256414,0.8807692307692307,1.0,0.8569230769230769],[0.7615384615384615,0.6423076923076924,0.48333333333333334,0.5230769230769231,0.40384615384615385,0.8410256410256411,0.8569230769230769,1.0]],"zmax":1,"zmin":0,"type":"heatmap"}],"layout":{"title":{"text":"Correlation Matrix \u2014 Normal"}},"name":"0.21"},{"data":[{"colorscale":[[0,"#0a0a0a"],[0.5,"#8b5cf6"],[1.0,"#ff3366"]],"text":[[1.0,0.77,0.54,0.62,0.46,0.85,0.81,0.77],[0.77,1.0,0.62,0.69,0.54,0.73,0.69,0.65],[0.54,0.62,1.0,0.69,0.62,0.5,0.46,0.5],[0.62,0.69,0.69,1.0,0.65,0.54,0.5,0.54],[0.46,0.54,0.62,0.65,1.0,0.42,0.38,0.42],[0.85,0.73,0.5,0.54,0.42,1.0,0.88,0.85],[0.81,0.69,0.46,0.5,0.38,0.88,1.0,0.86],[0.77,0.65,0.5,0.54,0.42,0.85,0.86,1.0]],"textfont":{"color":"#f4f4f5","size":10},"texttemplate":"%{text:.2f}","x":["AAPL","NVDA","TSLA","PLTR","IONQ","MSFT","GOOG","AMZN"],"y":["AAPL","NVDA","TSLA","PLTR","IONQ","MSFT","GOOG","AMZN"],"z":[[1.0,0.7692307692307692,0.5384615384615384,0.6153846153846154,0.46153846153846156,0.8461538461538461,0.8076923076923077,0.7692307692307692],[0.7692307692307692,1.0,0.6153846153846154,0.6923076923076923,0.5384615384615384,0.7307692307692307,0.6923076923076923,0.6538461538461539],[0.5384615384615384,0.6153846153846154,1.0,0.6923076923076923,0.6153846153846154,0.5,0.46153846153846156,0.5],[0.6153846153846154,0.6923076923076923,0.6923076923076923,1.0,0.6538461538461539,0.5384615384615384,0.5,0.5384615384615384],[0.46153846153846156,0.5384615384615384,0.6153846153846154,0.6538461538461539,1.0,0.4230769230769231,0.3846153846153846,0.4230769230769231],[0.8461538461538461,0.7307692307692307,0.5,0.5384615384615384,0.4230769230769231,1.0,0.8846153846153846,0.8461538461538461],[0.8076923076923077,0.6923076923076923,0.46153846153846156,0.5,0.3846153846153846,0.8846153846153846,1.0,0.8615384615384615],[0.7692307692307692,0.6538461538461539,0.5,0.5384615384615384,0.4230769230769231,0.8461538461538461,0.8615384615384615,1.0]],"zmax":1,"zmin":0,"type":"heatmap"}],"layout":{"title":{"text":"Correlation Matrix \u2014 Normal"}},"name":"0.23"},{"data":[{"colorscale":[[0,"#0a0a0a"],[0.5,"#8b5cf6"],[1.0,"#ff3366"]],"text":[[1.0,0.78,0.55,0.63,0.48,0.85,0.81,0.78],[0.78,1.0,0.63,0.7,0.55,0.74,0.7,0.67],[0.55,0.63,1.0,0.7,0.63,0.52,0.48,0.52],[0.63,0.7,0.7,1.0,0.67,0.55,0.52,0.55],[0.48,0.55,0.63,0.67,1.0,0.44,0.41,0.44],[0.85,0.74,0.52,0.55,0.44,1.0,0.89,0.85],[0.81,0.7,0.48,0.52,0.41,0.89,1.0,0.87],[0.78,0.67,0.52,0.55,0.44,0.85,0.87,1.0]],"textfont":{"color":"#f4f4f5","size":10},"texttemplate":"%{text:.2f}","x":["AAPL","NVDA","TSLA","PLTR","IONQ","MSFT","GOOG","AMZN"],"y":["AAPL","NVDA","TSLA","PLTR","IONQ","MSFT","GOOG","AMZN"],"z":[[1.0,0.7769230769230769,0.5538461538461539,0.6282051282051282,0.47948717948717945,0.8512820512820513,0.8141025641025641,0.7769230769230769],[0.7769230769230769,1.0,0.6282051282051282,0.7025641025641025,0.5538461538461539,0.7397435897435898,0.7025641025641025,0.6653846153846155],[0.5538461538461539,0.6282051282051282,1.0,0.7025641025641025,0.6282051282051282,0.5166666666666666,0.47948717948717945,0.5166666666666666],[0.6282051282051282,0.7025641025641025,0.7025641025641025,1.0,0.6653846153846155,0.5538461538461539,0.5166666666666666,0.5538461538461539],[0.47948717948717945,0.5538461538461539,0.6282051282051282,0.6653846153846155,1.0,0.4423076923076923,0.40512820512820513,0.4423076923076923],[0.8512820512820513,0.7397435897435898,0.5166666666666666,0.5538461538461539,0.4423076923076923,1.0,0.8884615384615384,0.8512820512820513],[0.8141025641025641,0.7025641025641025,0.47948717948717945,0.5166666666666666,0.40512820512820513,0.8884615384615384,1.0,0.8661538461538462],[0.7769230769230769,0.6653846153846155,0.5166666666666666,0.5538461538461539,0.4423076923076923,0.8512820512820513,0.8661538461538462,1.0]],"zmax":1,"zmin":0,"type":"heatmap"}],"layout":{"title":{"text":"Correlation Matrix \u2014 Normal"}},"name":"0.26"},{"data":[{"colorscale":[[0,"#0a0a0a"],[0.5,"#8b5cf6"],[1.0,"#ff3366"]],"text":[[1.0,0.78,0.57,0.64,0.5,0.86,0.82,0.78],[0.78,1.0,0.64,0.71,0.57,0.75,0.71,0.68],[0.57,0.64,1.0,0.71,0.64,0.53,0.5,0.53],[0.64,0.71,0.71,1.0,0.68,0.57,0.53,0.57],[0.5,0.57,0.64,0.68,1.0,0.46,0.43,0.46],[0.86,0.75,0.53,0.57,0.46,1.0,0.89,0.86],[0.82,0.71,0.5,0.53,0.43,0.89,1.0,0.87],[0.78,0.68,0.53,0.57,0.46,0.86,0.87,1.0]],"textfont":{"color":"#f4f4f5","size":10},"texttemplate":"%{text:.2f}","x":["AAPL","NVDA","TSLA","PLTR","IONQ","MSFT","GOOG","AMZN"],"y":["AAPL","NVDA","TSLA","PLTR","IONQ","MSFT","GOOG","AMZN"],"z":[[1.0,0.7846153846153846,0.5692307692307692,0.641025641025641,0.49743589743589745,0.8564102564102565,0.8205128205128205,0.7846153846153846],[0.7846153846153846,1.0,0.641025641025641,0.7128205128205127,0.5692307692307692,0.7487179487179487,0.7128205128205127,0.676923076923077],[0.5692307692307692,0.641025641025641,1.0,0.7128205128205127,0.641025641025641,0.5333333333333333,0.49743589743589745,0.5333333333333333],[0.641025641025641,0.7128205128205127,0.7128205128205127,1.0,0.676923076923077,0.5692307692307692,0.5333333333333333,0.5692307692307692],[0.49743589743589745,0.5692307692307692,0.641025641025641,0.676923076923077,1.0,0.46153846153846156,0.4256410256410257,0.46153846153846156],[0.8564102564102565,0.7487179487179487,0.5333333333333333,0.5692307692307692,0.46153846153846156,1.0,0.8923076923076922,0.8564102564102565],[0.8205128205128205,0.7128205128205127,0.49743589743589745,0.5333333333333333,0.4256410256410257,0.8923076923076922,1.0,0.8707692307692307],[0.7846153846153846,0.676923076923077,0.5333333333333333,0.5692307692307692,0.46153846153846156,0.8564102564102565,0.8707692307692307,1.0]],"zmax":1,"zmin":0,"type":"heatmap"}],"layout":{"title":{"text":"Correlation Matrix \u2014 Normal"}},"name":"0.28"},{"data":[{"colorscale":[[0,"#0a0a0a"],[0.5,"#8b5cf6"],[1.0,"#ff3366"]],"text":[[1.0,0.79,0.58,0.65,0.52,0.86,0.83,0.79],[0.79,1.0,0.65,0.72,0.58,0.76,0.72,0.69],[0.58,0.65,1.0,0.72,0.65,0.55,0.52,0.55],[0.65,0.72,0.72,1.0,0.69,0.58,0.55,0.58],[0.52,0.58,0.65,0.69,1.0,0.48,0.45,0.48],[0.86,0.76,0.55,0.58,0.48,1.0,0.9,0.86],[0.83,0.72,0.52,0.55,0.45,0.9,1.0,0.88],[0.79,0.69,0.55,0.58,0.48,0.86,0.88,1.0]],"textfont":{"color":"#f4f4f5","size":10},"texttemplate":"%{text:.2f}","x":["AAPL","NVDA","TSLA","PLTR","IONQ","MSFT","GOOG","AMZN"],"y":["AAPL","NVDA","TSLA","PLTR","IONQ","MSFT","GOOG","AMZN"],"z":[[1.0,0.7923076923076923,0.5846153846153846,0.6538461538461539,0.5153846153846153,0.8615384615384616,0.8269230769230769,0.7923076923076923],[0.7923076923076923,1.0,0.6538461538461539,0.7230769230769231,0.5846153846153846,0.7576923076923077,0.7230769230769231,0.6884615384615385],[0.5846153846153846,0.6538461538461539,1.0,0.7230769230769231,0.6538461538461539,0.55,0.5153846153846153,0.55],[0.6538461538461539,0.7230769230769231,0.7230769230769231,1.0,0.6884615384615385,0.5846153846153846,0.55,0.5846153846153846],[0.5153846153846153,0.5846153846153846,0.6538461538461539,0.6884615384615385,1.0,0.4807692307692308,0.4461538461538462,0.4807692307692308],[0.8615384615384616,0.7576923076923077,0.55,0.5846153846153846,0.4807692307692308,1.0,0.8961538461538462,0.8615384615384616],[0.8269230769230769,0.7230769230769231,0.5153846153846153,0.55,0.4461538461538462,0.8961538461538462,1.0,0.8753846153846153],[0.7923076923076923,0.6884615384615385,0.55,0.5846153846153846,0.4807692307692308,0.8615384615384616,0.8753846153846153,1.0]],"zmax":1,"zmin":0,"type":"heatmap"}],"layout":{"title":{"text":"Correlation Matrix \u2014 Stress"}},"name":"0.31"},{"data":[{"colorscale":[[0,"#0a0a0a"],[0.5,"#8b5cf6"],[1.0,"#ff3366"]],"text":[[1.0,0.8,0.6,0.67,0.53,0.87,0.83,0.8],[0.8,1.0,0.67,0.73,0.6,0.77,0.73,0.7],[0.6,0.67,1.0,0.73,0.67,0.57,0.53,0.57],[0.67,0.73,0.73,1.0,0.7,0.6,0.57,0.6],[0.53,0.6,0.67,0.7,1.0,0.5,0.47,0.5],[0.87,0.77,0.57,0.6,0.5,1.0,0.9,0.87],[0.83,0.73,0.53,0.57,0.47,0.9,1.0,0.88],[0.8,0.7,0.57,0.6,0.5,0.87,0.88,1.0]],"textfont":{"color":"#f4f4f5","size":10},"texttemplate":"%{text:.2f}","x":["AAPL","NVDA","TSLA","PLTR","IONQ","MSFT","GOOG","AMZN"],"y":["AAPL","NVDA","TSLA","PLTR","IONQ","MSFT","GOOG","AMZN"],"z":[[1.0,0.8,0.6000000000000001,0.6666666666666667,0.5333333333333333,0.8666666666666667,0.8333333333333333,0.8],[0.8,1.0,0.6666666666666667,0.7333333333333334,0.6000000000000001,0.7666666666666667,0.7333333333333334,0.7000000000000001],[0.6000000000000001,0.6666666666666667,1.0,0.7333333333333334,0.6666666666666667,0.5666666666666667,0.5333333333333333,0.5666666666666667],[0.6666666666666667,0.7333333333333334,0.7333333333333334,1.0,0.7000000000000001,0.6000000000000001,0.5666666666666667,0.6000000000000001],[0.5333333333333333,0.6000000000000001,0.6666666666666667,0.7000000000000001,1.0,0.5,0.4666666666666667,0.5],[0.8666666666666667,0.7666666666666667,0.5666666666666667,0.6000000000000001,0.5,1.0,0.9000000000000001,0.8666666666666667],[0.8333333333333333,0.7333333333333334,0.5333333333333333,0.5666666666666667,0.4666666666666667,0.9000000000000001,1.0,0.8800000000000001],[0.8,0.7000000000000001,0.5666666666666667,0.6000000000000001,0.5,0.8666666666666667,0.8800000000000001,1.0]],"zmax":1,"zmin":0,"type":"heatmap"}],"layout":{"title":{"text":"Correlation Matrix \u2014 Stress"}},"name":"0.33"},{"data":[{"colorscale":[[0,"#0a0a0a"],[0.5,"#8b5cf6"],[1.0,"#ff3366"]],"text":[[1.0,0.81,0.62,0.68,0.55,0.87,0.84,0.81],[0.81,1.0,0.68,0.74,0.62,0.78,0.74,0.71],[0.62,0.68,1.0,0.74,0.68,0.58,0.55,0.58],[0.68,0.74,0.74,1.0,0.71,0.62,0.58,0.62],[0.55,0.62,0.68,0.71,1.0,0.52,0.49,0.52],[0.87,0.78,0.58,0.62,0.52,1.0,0.9,0.87],[0.84,0.74,0.55,0.58,0.49,0.9,1.0,0.88],[0.81,0.71,0.58,0.62,0.52,0.87,0.88,1.0]],"textfont":{"color":"#f4f4f5","size":10},"texttemplate":"%{text:.2f}","x":["AAPL","NVDA","TSLA","PLTR","IONQ","MSFT","GOOG","AMZN"],"y":["AAPL","NVDA","TSLA","PLTR","IONQ","MSFT","GOOG","AMZN"],"z":[[1.0,0.8076923076923076,0.6153846153846154,0.6794871794871795,0.5512820512820513,0.8717948717948718,0.8397435897435896,0.8076923076923076],[0.8076923076923076,1.0,0.6794871794871795,0.7435897435897436,0.6153846153846154,0.7756410256410255,0.7435897435897436,0.7115384615384616],[0.6153846153846154,0.6794871794871795,1.0,0.7435897435897436,0.6794871794871795,0.5833333333333333,0.5512820512820513,0.5833333333333333],[0.6794871794871795,0.7435897435897436,0.7435897435897436,1.0,0.7115384615384616,0.6153846153846154,0.5833333333333333,0.6153846153846154],[0.5512820512820513,0.6153846153846154,0.6794871794871795,0.7115384615384616,1.0,0.5192307692307692,0.48717948717948717,0.5192307692307692],[0.8717948717948718,0.7756410256410255,0.5833333333333333,0.6153846153846154,0.5192307692307692,1.0,0.9038461538461537,0.8717948717948718],[0.8397435897435896,0.7435897435897436,0.5512820512820513,0.5833333333333333,0.48717948717948717,0.9038461538461537,1.0,0.8846153846153846],[0.8076923076923076,0.7115384615384616,0.5833333333333333,0.6153846153846154,0.5192307692307692,0.8717948717948718,0.8846153846153846,1.0]],"zmax":1,"zmin":0,"type":"heatmap"}],"layout":{"title":{"text":"Correlation Matrix \u2014 Stress"}},"name":"0.36"},{"data":[{"colorscale":[[0,"#0a0a0a"],[0.5,"#8b5cf6"],[1.0,"#ff3366"]],"text":[[1.0,0.82,0.63,0.69,0.57,0.88,0.85,0.82],[0.82,1.0,0.69,0.75,0.63,0.78,0.75,0.72],[0.63,0.69,1.0,0.75,0.69,0.6,0.57,0.6],[0.69,0.75,0.75,1.0,0.72,0.63,0.6,0.63],[0.57,0.63,0.69,0.72,1.0,0.54,0.51,0.54],[0.88,0.78,0.6,0.63,0.54,1.0,0.91,0.88],[0.85,0.75,0.57,0.6,0.51,0.91,1.0,0.89],[0.82,0.72,0.6,0.63,0.54,0.88,0.89,1.0]],"textfont":{"color":"#f4f4f5","size":10},"texttemplate":"%{text:.2f}","x":["AAPL","NVDA","TSLA","PLTR","IONQ","MSFT","GOOG","AMZN"],"y":["AAPL","NVDA","TSLA","PLTR","IONQ","MSFT","GOOG","AMZN"],"z":[[1.0,0.8153846153846154,0.6307692307692307,0.6923076923076923,0.5692307692307692,0.8769230769230769,0.8461538461538461,0.8153846153846154],[0.8153846153846154,1.0,0.6923076923076923,0.7538461538461538,0.6307692307692307,0.7846153846153846,0.7538461538461538,0.7230769230769231],[0.6307692307692307,0.6923076923076923,1.0,0.7538461538461538,0.6923076923076923,0.6,0.5692307692307692,0.6],[0.6923076923076923,0.7538461538461538,0.7538461538461538,1.0,0.7230769230769231,0.6307692307692307,0.6,0.6307692307692307],[0.5692307692307692,0.6307692307692307,0.6923076923076923,0.7230769230769231,1.0,0.5384615384615384,0.5076923076923077,0.5384615384615384],[0.8769230769230769,0.7846153846153846,0.6,0.6307692307692307,0.5384615384615384,1.0,0.9076923076923077,0.8769230769230769],[0.8461538461538461,0.7538461538461538,0.5692307692307692,0.6,0.5076923076923077,0.9076923076923077,1.0,0.8892307692307692],[0.8153846153846154,0.7230769230769231,0.6,0.6307692307692307,0.5384615384615384,0.8769230769230769,0.8892307692307692,1.0]],"zmax":1,"zmin":0,"type":"heatmap"}],"layout":{"title":{"text":"Correlation Matrix \u2014 Stress"}},"name":"0.38"},{"data":[{"colorscale":[[0,"#0a0a0a"],[0.5,"#8b5cf6"],[1.0,"#ff3366"]],"text":[[1.0,0.82,0.65,0.71,0.59,0.88,0.85,0.82],[0.82,1.0,0.71,0.76,0.65,0.79,0.76,0.73],[0.65,0.71,1.0,0.76,0.71,0.62,0.59,0.62],[0.71,0.76,0.76,1.0,0.73,0.65,0.62,0.65],[0.59,0.65,0.71,0.73,1.0,0.56,0.53,0.56],[0.88,0.79,0.62,0.65,0.56,1.0,0.91,0.88],[0.85,0.76,0.59,0.62,0.53,0.91,1.0,0.89],[0.82,0.73,0.62,0.65,0.56,0.88,0.89,1.0]],"textfont":{"color":"#f4f4f5","size":10},"texttemplate":"%{text:.2f}","x":["AAPL","NVDA","TSLA","PLTR","IONQ","MSFT","GOOG","AMZN"],"y":["AAPL","NVDA","TSLA","PLTR","IONQ","MSFT","GOOG","AMZN"],"z":[[1.0,0.823076923076923,0.6461538461538462,0.7051282051282051,0.5871794871794872,0.882051282051282,0.8525641025641025,0.823076923076923],[0.823076923076923,1.0,0.7051282051282051,0.764102564102564,0.6461538461538462,0.7935897435897437,0.764102564102564,0.7346153846153847],[0.6461538461538462,0.7051282051282051,1.0,0.764102564102564,0.7051282051282051,0.6166666666666667,0.5871794871794872,0.6166666666666667],[0.7051282051282051,0.764102564102564,0.764102564102564,1.0,0.7346153846153847,0.6461538461538462,0.6166666666666667,0.6461538461538462],[0.5871794871794872,0.6461538461538462,0.7051282051282051,0.7346153846153847,1.0,0.5576923076923077,0.5282051282051282,0.5576923076923077],[0.882051282051282,0.7935897435897437,0.6166666666666667,0.6461538461538462,0.5576923076923077,1.0,0.9115384615384615,0.882051282051282],[0.8525641025641025,0.764102564102564,0.5871794871794872,0.6166666666666667,0.5282051282051282,0.9115384615384615,1.0,0.8938461538461537],[0.823076923076923,0.7346153846153847,0.6166666666666667,0.6461538461538462,0.5576923076923077,0.882051282051282,0.8938461538461537,1.0]],"zmax":1,"zmin":0,"type":"heatmap"}],"layout":{"title":{"text":"Correlation Matrix \u2014 Stress"}},"name":"0.41"},{"data":[{"colorscale":[[0,"#0a0a0a"],[0.5,"#8b5cf6"],[1.0,"#ff3366"]],"text":[[1.0,0.83,0.66,0.72,0.61,0.89,0.86,0.83],[0.83,1.0,0.72,0.77,0.66,0.8,0.77,0.75],[0.66,0.72,1.0,0.77,0.72,0.63,0.61,0.63],[0.72,0.77,0.77,1.0,0.75,0.66,0.63,0.66],[0.61,0.66,0.72,0.75,1.0,0.58,0.55,0.58],[0.89,0.8,0.63,0.66,0.58,1.0,0.92,0.89],[0.86,0.77,0.61,0.63,0.55,0.92,1.0,0.9],[0.83,0.75,0.63,0.66,0.58,0.89,0.9,1.0]],"textfont":{"color":"#f4f4f5","size":10},"texttemplate":"%{text:.2f}","x":["AAPL","NVDA","TSLA","PLTR","IONQ","MSFT","GOOG","AMZN"],"y":["AAPL","NVDA","TSLA","PLTR","IONQ","MSFT","GOOG","AMZN"],"z":[[1.0,0.8307692307692307,0.6615384615384615,0.717948717948718,0.6051282051282051,0.8871794871794871,0.858974358974359,0.8307692307692307],[0.8307692307692307,1.0,0.717948717948718,0.7743589743589743,0.6615384615384615,0.80256410256410